../../../../.git/annex/objects/4J/0K/SHA256E-s1119444--94adb0d09e74433348a9702982caf52d97729bae2973439950fbd381fda1e886.tsv/SHA256E-s1119444--94adb0d09e74433348a9702982caf52d97729bae2973439950fbd381fda1e886.tsv